0 4.562382 4.873845 4.89525 6.075404 6.161464 7.215192 2.937614 0.8738484 7.055953 3.771273 6.123691 1.883174 2.476555 3.612199 5.531412 4.478255 2.57626 2.147383 4.668278
4.562382 0 7.208089 8.833992 10.33504 7.650344 11.40424 3.519983 5.413475 11.14992 2.169736 9.954468 3.225929 2.362958 3.784736 1.365806 2.191945 6.232819 6.524806 8.248775
4.873845 7.208089 0 3.226098 4.981649 1.592924 5.594145 7.562714 5.022048 5.1597 7.777116 3.711273 4.383459 6.436941 3.508058 8.56052 5.474572 2.590349 3.91574 8.776678
4.89525 8.833992 3.226098 0 1.790453 4.675751 2.639711 7.812128 4.468093 2.326720 8.605854 1.234334 5.610553 7.241482 5.797512 10.05181 7.685946 2.602027 2.843173 7.06457
6.075404 10.33504 4.981649 1.790453 0 6.354499 1.163408 8.856994 5.457266 1.180844 9.846589 1.639766 7.120878 8.531795 7.521372 11.48410 9.359613 4.16983 3.928818 7.061072
6.161464 7.650344 1.592924 4.675751 6.354499 0 6.804597 8.626575 6.436825 6.336025 8.59983 4.910767 5.28065 7.34238 3.878889 9.014478 5.64416 4.111238 5.465447 10.29835
7.215192 11.40424 5.594145 2.639711 1.163408 6.804597 0 10.01611 6.614566 0.492338 10.98559 1.898921 8.180159 9.659658 8.434458 12.57996 10.32447 5.18924 5.06808 8.105444
2.937614 3.519983 7.562714 7.812128 8.856994 8.626575 10.01611 0 3.403025 9.902139 1.533515 9.044964 3.382245 1.534034 5.182557 3.761257 4.842784 5.490772 4.997599 4.885499
0.8738484 5.413475 5.022048 4.468093 5.457266 6.436825 6.614566 3.403025 0 6.500625 4.454959 5.701028 2.715553 3.242558 4.323594 6.332524 5.331114 2.50161 1.625091 4.027379
7.055953 11.14992 5.1597 2.326720 1.180844 6.336025 0.492338 9.902139 6.500625 0 10.81687 1.449221 7.924164 9.474436 8.088118 12.34999 10.00007 4.918403 4.918098 8.239548
3.771273 2.169736 7.777116 8.605854 9.846589 8.59983 10.98559 1.533515 4.454959 10.81687 0 9.81571 3.393687 1.383977 4.837426 2.227793 3.937448 6.098425 5.918538 6.418897
6.123691 9.954468 3.711273 1.234334 1.639766 4.910767 1.898921 9.044964 5.701028 1.449221 9.81571 0 6.74637 8.44487 6.732467 11.20087 8.674678 3.755839 4.075937 8.107877
1.883174 3.225929 4.383459 5.610553 7.120878 5.28065 8.180159 3.382245 2.715553 7.924164 3.393687 6.74637 0 2.071471 1.910897 4.455636 2.623871 3.008556 3.408998 6.488037
2.476555 2.362958 6.436941 7.241482 8.531795 7.34238 9.659658 1.534034 3.242558 9.474436 1.383977 8.44487 2.071471 0 3.721296 3.098394 3.328138 4.717504 4.606666 5.910688
3.612199 3.784736 3.508058 5.797512 7.521372 3.878889 8.434458 5.182557 4.323594 8.088118 4.837426 6.732467 1.910897 3.721296 0 5.150524 1.981466 3.453027 4.433957 8.280448
5.531412 1.365806 8.56052 10.05181 11.48410 9.014478 12.57996 3.761257 6.332524 12.34999 2.227793 11.20087 4.455636 3.098394 5.150524 0 3.488591 7.453198 7.603115 8.64631
4.478255 2.191945 5.474572 7.685946 9.359613 5.64416 10.32447 4.842784 5.331114 10.00007 3.937448 8.674678 2.623871 3.328138 1.981466 3.488591 0 5.20345 5.928245 8.92469
2.57626 6.232819 2.590349 2.602027 4.16983 4.111238 5.18924 5.490772 2.50161 4.918403 6.098425 3.755839 3.008556 4.717504 3.453027 7.453198 5.20345 0 1.367859 6.192269
2.147383 6.524806 3.91574 2.843173 3.928818 5.465447 5.06808 4.997599 1.625091 4.918098 5.918538 4.075937 3.408998 4.606666 4.433957 7.603115 5.928245 1.367859 0 4.869542
4.668278 8.248775 8.776678 7.06457 7.061072 10.29835 8.105444 4.885499 4.027379 8.239548 6.418897 8.107877 6.488037 5.910688 8.280448 8.64631 8.92469 6.192269 4.869542 0
